8405356002
8456892002
8520223002
8509975002
8403527002
8371703002
8480742002
8434636002
8434587002
8477914002
8426614002
8526034002
8525921002
8242776002
8423035002
8478827002
8533934002
8509902002
8505552002
8300434002
8527726002
8349704002
8353950002
8509670002
8531937002
8499703002
8537127002
8097465002
8097487002
8284810002
8401256002
8284812002
8284805002
8423371002
8394076002
8311695002
8422801002
8442641002
8393836002
8344579002
8513655002
8458281002
8535473002
8474364002
8469417002
8454349002
8520167002
8451331002
8415972002
8528507002
8484679002
8507656002
8520163002
8535609002
8474373002
8441285002
8454641002
8484547002
8356807002
